bL = 22;
bWs = 13.5;
bWb = 15.5;
bH = 3.3;
d1 = 0;
d2 = 0;
L1 = 3.4;%3.53;
L2 = 9.5;%5.7;
L3 = 14.2;%12.6;